{"name": "env0", "maps_names": ["path0_map0", "path0_map1", "path0_map2", "path0_map3", "path0_map4", "path0_map5", "path0_map6", "path0_map7", "path0_map8", "path0_map9", "path0_map10", "path0_map11", "path0_map12", "path0_map13", "path0_map15", "path0_map16", "path0_map17", "path0_map18", "path0_map19", "path0_map20", "path0_map21", "path0_map22", "path0_map23", "path0_map24"], "timestamp": {"path0_map0": [1628441543.1538866, "2021-08-08 18:52:23"], "path0_map1": [1628446944.9681673, "2021-08-08 20:22:24"], "path0_map2": [1629062420.328952, "2021-08-15 23:20:20"], "path0_map3": [1628443562.5771434, "2021-08-08 19:26:02"], "path0_map4": [1628445730.1549253, "2021-08-08 20:02:10"], "path0_map5": [1628446155.9641075, "2021-08-08 20:09:15"], "path0_map6": [1628447864.6729546, "2021-08-08 20:37:44"], "path0_map7": [1628448852.1848671, "2021-08-08 20:54:12"], "path0_map8": [1628450613.950567, "2021-08-08 21:23:33"], "path0_map9": [1628451256.2081633, "2021-08-08 21:34:16"], "path0_map10": [1629061574.2754974, "2021-08-15 23:06:14"], "path0_map11": [1629061965.9768252, "2021-08-15 23:12:45"], "path0_map12": [1628452216.2662547, "2021-08-08 21:50:16"], "path0_map13": [1628456612.1941354, "2021-08-08 23:03:32"], "path0_map15": [1630772244.6369565, "2021-09-04 18:17:24"], "path0_map16": [1630772717.3925653, "2021-09-04 18:25:17"], "path0_map17": [1630773976.6604774, "2021-09-04 18:46:16"], "path0_map18": [1630779749.8604176, "2021-09-04 20:22:29"], "path0_map19": [1630780638.8788085, "2021-09-04 20:37:18"], "path0_map20": [1632576397.9587939, "2021-09-25 15:26:37"], "path0_map21": [1632576865.3923407, "2021-09-25 15:34:25"], "path0_map22": [1632578230.1978815, "2021-09-25 15:57:10"], "path0_map23": [1632593792.1849241, "2021-09-25 20:16:32"], "path0_map24": [1632594412.781047, "2021-09-25 20:26:52"]}, "nodes_names": ["a", "b"], "distance": {"path0_map0": 145.56427001953125, "path0_map1": 145.58059692382812, "path0_map2": 145.62979125976562, "path0_map3": 138.40243530273438, "path0_map4": 145.6076202392578, "path0_map5": 145.60157775878906, "path0_map6": 145.58544921875, "path0_map7": 145.6717987060547, "path0_map8": 145.57838439941406, "path0_map9": 145.60963439941406, "path0_map10": 135.36532592773438, "path0_map11": 4402.69287109375, "path0_map12": 145.6156768798828, "path0_map13": 139.42051696777344, "path0_map15": 145.57032775878906, "path0_map16": 145.61265563964844, "path0_map17": 145.61265563964844, "path0_map18": 145.62777709960938, "path0_map19": 145.5975341796875, "path0_map20": 145.57846069335938, "path0_map21": 145.61668395996094, "path0_map22": 144.622802734375, "path0_map23": 145.70237731933594, "path0_map24": 144.6268310546875}, "neighbours": [{"a": [["b", 145.56427001953125, "path0_map0"], ["b", 145.58059692382812, "path0_map1"], ["b", 145.62979125976562, "path0_map2"], ["b", 138.40243530273438, "path0_map3"], ["b", 145.6076202392578, "path0_map4"], ["b", 145.60157775878906, "path0_map5"], ["b", 145.58544921875, "path0_map6"], ["b", 145.6717987060547, "path0_map7"], ["b", 145.57838439941406, "path0_map8"], ["b", 145.60963439941406, "path0_map9"], ["b", 135.36532592773438, "path0_map10"], ["b", 4402.69287109375, "path0_map11"], ["b", 145.6156768798828, "path0_map12"], ["b", 139.42051696777344, "path0_map13"], ["b", 145.57032775878906, "path0_map15"], ["b", 145.61265563964844, "path0_map16"], ["b", 145.61265563964844, "path0_map17"], ["b", 145.62777709960938, "path0_map18"], ["b", 145.5975341796875, "path0_map19"], ["b", 145.57846069335938, "path0_map20"], ["b", 145.61668395996094, "path0_map21"], ["b", 144.622802734375, "path0_map22"], ["b", 145.70237731933594, "path0_map23"], ["b", 144.6268310546875, "path0_map24"]]}, {}], "fremen_output": {"amplitudes": [0.03553065447666329, 0.03471494294782636, 0.03406112952722831, 0.03374751985884435, 0.03222809619709269], "omegas": [0.00025972161488010856, 0.0002701104794753129, 0.00019738842730888248, 0.00020777729190408684, 0.00047788777137939973], "time_periods": [24192.0, 23261.53846153846, 31831.578947368424, 30240.0, 13147.826086956522], "phis": [-0.15005916775257497, -0.27632554107796864, -0.29325588039809686, -0.4153074467216147, 0.09046355745407142]}, "Softmax_similarity_matrix": [[0.12928045930129953, 0.06170922085120443, 0.020976784736284088, 0.06933049011917618, 0.06495033763429092, 0.05862658420528342, 0.05433072590214366, 0.03233858780627486, 0.016453002975884316, 0.015959216761034713, 0.020280526693859827, 0.021179737335160483, 0.01624170955303504, 0.018052682111215905, 0.05579513064447214, 0.055388441085364185, 0.064355938610894, 0.019271521469211926, 0.015437979028797422, 0.050987339061787325, 0.059621300137911525, 0.04271586992856985, 0.017652589084476224, 0.019063824962368033], [0.05936471069533579, 0.11533967522065552, 0.02064673871919021, 0.05944935772774732, 0.08909085394307208, 0.07327771912548774, 0.08016418514571881, 0.03238632314967195, 0.015258839877259144, 0.013851880825956338, 0.019633834659628806, 0.020666608662565842, 0.01399456627457923, 0.016700268669730747, 0.05795207620435667, 0.05533673049335344, 0.04622019161993269, 0.017525649067946847, 0.014543948412108605, 0.04883295826389077, 0.049162354414509134, 0.04570901461713796, 0.017470572357470387, 0.017420941852693928], [0.021408693502577184, 0.02190404950552726, 0.18082416686554204, 0.020809417725844635, 0.023964536533331113, 0.022416961697674476, 0.024815200275027836, 0.03686691491318632, 0.02406682729435612, 0.020326449997930526, 0.1359604415548592, 0.1304404138676229, 0.02128207291476863, 0.03627382012182265, 0.01886143236431869, 0.018465030165794333, 0.0169166048348594, 0.03832115037946601, 0.04338116715869197, 0.017601563825204013, 0.017423181585792032, 0.016424390833538895, 0.04668634011464416, 0.04455917196761962], [0.06487084924282377, 0.05782214352630639, 0.019078050682531995, 0.13137013287796648, 0.0662100536050003, 0.056077205634489556, 0.054348010205957926, 0.030941104833775778, 0.016558482042686253, 0.014995958685726575, 0.018061059681519383, 0.019377238484027955, 0.015316719192541545, 0.01712135509313345, 0.06967888857730269, 0.06699581194037854, 0.055592725162542926, 0.018362922301232498, 0.014074761400537789, 0.05487736647612519, 0.0517554071561113, 0.052120276602790776, 0.01707606712104357, 0.01731740947344738], [0.062428521450694614, 0.08901362041180946, 0.02256936953351389, 0.06801430469810187, 0.11835819103353375, 0.06944828008318506, 0.07048699257429104, 0.03454840827199967, 0.01691368220738926, 0.015118334790866635, 0.02205698163187105, 0.021805439401681646, 0.01534552189300023, 0.017603867460720096, 0.05066252528718208, 0.048720544416080334, 0.04712195278634952, 0.01917914663538308, 0.015902914734376817, 0.04631295750286166, 0.04578968587727, 0.04648071541285614, 0.018036973504545774, 0.01808106840043625], [0.06517568577468318, 0.08468074462509914, 0.024418361827038954, 0.06662727776246531, 0.08032502632973536, 0.11141803178047581, 0.07473238775696359, 0.03599843037444894, 0.01751295642267214, 0.01651312589776132, 0.02370821300018357, 0.0235142113217883, 0.016402074683376743, 0.01850955987314152, 0.04637580823856165, 0.04499596733493744, 0.04481574391128621, 0.02038196759922734, 0.016535268762635412, 0.043092527420953035, 0.04428083912045057, 0.04310407536663096, 0.0184332459397768, 0.018448468875706742], [0.057697196175768926, 0.08849348346212611, 0.02582115964219408, 0.06168329098298528, 0.07787831497011685, 0.07138830027553152, 0.12094713359546783, 0.03753583830166404, 0.01849524879196704, 0.016360898466187605, 0.024589063720328055, 0.024753052470898988, 0.016535291413291003, 0.019388220122800476, 0.04496344172636377, 0.043536115820505254, 0.043574263826731664, 0.020190229788597813, 0.01732495540908198, 0.0437335161528429, 0.043096479267462864, 0.04378907247605382, 0.019021650717962794, 0.019203782423069318], [0.03928634360074109, 0.040898173423096935, 0.04388399060345106, 0.040172703935923246, 0.04366635757969708, 0.039338075236040965, 0.04293954895034879, 0.15335726702959207, 0.03493782816127271, 0.02977588768395579, 0.04346973795174588, 0.04340516770218581, 0.03154821217642305, 0.03435757100102744, 0.03196658231005929, 0.030927819341248684, 0.02904542477912899, 0.049964042821636384, 0.03643988639205787, 0.028025286502778766, 0.028724307848728294, 0.027449214138184082, 0.03905974357306605, 0.037360827257609676], [0.025947894802099022, 0.025014980879417014, 0.03718986060972655, 0.027909506714722334, 0.027751948594061673, 0.024844221993757878, 0.027466791364107016, 0.045355744154291625, 0.21671196440534443, 0.05014786690508832, 0.03669602891026093, 0.037701324161683945, 0.05315035494384617, 0.050559585615801796, 0.02387751210319028, 0.023867560356358727, 0.022448261261784248, 0.04504552896702889, 0.04383143900583501, 0.022291519750346385, 0.02196692805225835, 0.022656702302134898, 0.045205784923439365, 0.042360689223415175], [0.025960643101350024, 0.023422558214049226, 0.03239769899530825, 0.026070706199418075, 0.0255862238662712, 0.024162515584073056, 0.025061197634675698, 0.03987016481392745, 0.051724867341353585, 0.27182736425671794, 0.03188276791546325, 0.032113779840880985, 0.06236539145002294, 0.04959891975918597, 0.021689843629576017, 0.021256502340664736, 0.02042191981969945, 0.03887939488342358, 0.03712519678469881, 0.02150402204511428, 0.02130574999316305, 0.019230990581228045, 0.039478690551731525, 0.03706289039800298], [0.02080631025242696, 0.02093836071128922, 0.13667124913683967, 0.01980312620367655, 0.02354291777483339, 0.021878807280640674, 0.023754649764456435, 0.036709824036429486, 0.02387140370767581, 0.020107958726116554, 0.18586848212066656, 0.13971535989101205, 0.020994269999318065, 0.03639942173234129, 0.018778077426308847, 0.018149131571413745, 0.01636205403159443, 0.03730321665778437, 0.040305207680791946, 0.017705938947292596, 0.01707044496211583, 0.01658932018282011, 0.043205428932381204, 0.04346903826977414], [0.021624820503715707, 0.02193425381538073, 0.1304946979372246, 0.021144553207312528, 0.02316301816775407, 0.021595901613609223, 0.023798605098721958, 0.036479831200706726, 0.024407966195468415, 0.020156702871192846, 0.13904656185717848, 0.18206502584693132, 0.02119986790197146, 0.036281219871078164, 0.018221882107523346, 0.018027313366169553, 0.016646691756047657, 0.03768019862759604, 0.04430259665025597, 0.017544146358551796, 0.017356470017823332, 0.01628544568355657, 0.04587981615145271, 0.04466241319277675], [0.025146755633645577, 0.022523266325778987, 0.03228590059921963, 0.025344904489266604, 0.024718963063720307, 0.022843255040173746, 0.02410753875292906, 0.04020725411849929, 0.05217944296386077, 0.05935946814746107, 0.031683646513592546, 0.032147813116969265, 0.2749459658931787, 0.051109444553565586, 0.022745186062623185, 0.022483098759938418, 0.021240568671053547, 0.0375874918475421, 0.03692868170615409, 0.02080423223495182, 0.022461345255714003, 0.020385392883537207, 0.03976709214003306, 0.03699329122659145], [0.020449952226453533, 0.01966508049145382, 0.04026174695183597, 0.020728285631099738, 0.02074708168708456, 0.0188606057514138, 0.02068136995709055, 0.032037045333330495, 0.03631592550626125, 0.034539727560769014, 0.04019103651582372, 0.040253208454857525, 0.03739396373482473, 0.20648501864289479, 0.017934161415372563, 0.017771998506888657, 0.017032072105571817, 0.0486657194795479, 0.07461993759061324, 0.01789319854135237, 0.017848690270505868, 0.016886520542175085, 0.09906878518050448, 0.08366886792227453], [0.05039661282348222, 0.054412133699820515, 0.01669277259189487, 0.06726373069370996, 0.0476091301573773, 0.03767953399404343, 0.038243303060747996, 0.02376734640444336, 0.013675309720551391, 0.012043635337755784, 0.01653256863587843, 0.016120048365955514, 0.013269187217146493, 0.014299984303270499, 0.12601670095770587, 0.108794591817542, 0.09618755703287293, 0.016476016507069164, 0.013350883965611491, 0.06509166221869028, 0.05992794722926386, 0.06217866021762223, 0.014774690346239554, 0.015195992701304839], [0.0507335096250623, 0.052687909557472164, 0.016571985442635623, 0.06558403104288395, 0.04642867193516637, 0.03707305192813218, 0.037550544882140255, 0.023318709103484405, 0.013862030241698794, 0.011969160659394271, 0.016203758926682073, 0.016172413292443715, 0.013300920916725573, 0.014370155571375715, 0.11032603805139428, 0.12741479130295957, 0.10357352013295773, 0.016238584335187763, 0.013252506830336103, 0.06507273856105812, 0.05984855838108031, 0.058080510605603985, 0.014927333455171232, 0.015438565218953452], [0.06194423175634806, 0.0462450966392835, 0.015954169571928446, 0.05718799796415891, 0.04718825155558258, 0.038801796539681785, 0.0394941798588273, 0.02301279743634594, 0.013700549883538226, 0.012083839155624743, 0.015350913492660491, 0.015693081808427694, 0.013204688498941172, 0.014472020411105877, 0.10250052446672564, 0.10883916828408317, 0.13345529274114265, 0.017067143932723874, 0.014168223046606464, 0.0574719879980854, 0.0704470600615172, 0.048560439603158805, 0.01619942329231242, 0.016957122001189658], [0.02185442380885127, 0.020659470011320506, 0.042580489761497475, 0.02225562736725452, 0.022628251706625625, 0.020791146874429872, 0.02156033070807913, 0.04664019630170195, 0.032390533147126074, 0.027104349040684386, 0.041233841743359485, 0.041850880508873506, 0.027530651119378913, 0.04871872825626201, 0.020685714509688855, 0.020104614869394275, 0.02010814305783251, 0.21562049176482914, 0.10080723475167262, 0.017904818518566894, 0.01740885608759268, 0.01767874841326561, 0.06811535603018073, 0.06376710164153201], [0.01696458336715995, 0.01661333354161676, 0.04670923353835036, 0.016529833530366477, 0.01818142194517191, 0.016344550894863117, 0.017927332597697482, 0.03296166992163624, 0.030540878715340267, 0.02507942890417676, 0.04317159302817419, 0.04768150906353356, 0.02620995855949409, 0.07238641528959847, 0.016242681319108485, 0.01589919088854572, 0.016175432231349925, 0.09768347385359355, 0.18821508143518678, 0.015534877826736323, 0.014698098189560973, 0.014313007412872909, 0.09391086627316342, 0.10002554767270239], [0.050458876055942146, 0.050235411804474175, 0.017067709279209184, 0.05804210757449353, 0.0476843760633946, 0.038360669097311534, 0.04075495515586096, 0.02282993769615707, 0.013988074956186532, 0.013082509189356358, 0.017079625623165423, 0.017004956500436062, 0.013297705071141789, 0.01563193148760665, 0.07131740588897804, 0.07030699637015517, 0.059090709244333676, 0.01562506349565543, 0.013990405927031092, 0.1739657175043052, 0.07999967895800113, 0.06521817963650738, 0.01737959562008415, 0.017587401800212746], [0.05974479129561564, 0.05120978903654218, 0.017107038226611124, 0.0554279762886088, 0.04773804549817919, 0.039913832468236675, 0.04066597572129525, 0.02369341267519116, 0.013957607498689288, 0.013124765706111003, 0.016673531994153983, 0.01703444808479385, 0.014537313222134335, 0.015788991695531076, 0.06648489056109481, 0.06547515496420676, 0.07334140699450571, 0.015383157393720329, 0.013403153727475461, 0.081004962465712, 0.1648721809883771, 0.05910631008335009, 0.016454770897201744, 0.01785649251266244], [0.04684256261319966, 0.05210446690494965, 0.01764775306734743, 0.0610847483921215, 0.05303011369664873, 0.04251857549338906, 0.04521764453840639, 0.024777686054527764, 0.015754010716796458, 0.012964302992358004, 0.01773226199411632, 0.017491179532396907, 0.01443843941405362, 0.016347110571946204, 0.07548970026795103, 0.06953541509366064, 0.05532504270383909, 0.017095411077107953, 0.014283332136098725, 0.07226780068760441, 0.06468247545043314, 0.15985530363914663, 0.01691794493004387, 0.016596718031856764], [0.017566523947192075, 0.01807200178337127, 0.04552144155506541, 0.01816100844510552, 0.01867409016033703, 0.01650016243664789, 0.01782446164480602, 0.031995304530417525, 0.02852426630324146, 0.02415106497467552, 0.041908286161282914, 0.04471643246352333, 0.025559422330507422, 0.08702894016385274, 0.016277614474138957, 0.016217499375434468, 0.01674806861792032, 0.0597721797110478, 0.08504338051224228, 0.01747599301233467, 0.016340699895761337, 0.015352306653283096, 0.1766974505490361, 0.14387140029877485], [0.019102193027361162, 0.018145399150560144, 0.043748085900613076, 0.01854516921779978, 0.018849317957855983, 0.016628095006618212, 0.018119689986756095, 0.030815492388733903, 0.026914062265307848, 0.022830141307274652, 0.04245583420836967, 0.0438312070918435, 0.02394120124382289, 0.07400933761325308, 0.016857657046482975, 0.01688901647986601, 0.01765277923175162, 0.056343848495685064, 0.09120767261689167, 0.017807364480783912, 0.01785544742986542, 0.01516505579722565, 0.1448672572843982, 0.1874186747708796]], "Similarity_matrix": [[248.60169982910156, 211.62416076660156, 157.67330932617188, 217.4467315673828, 214.1836395263672, 209.06190490722656, 205.25698852539062, 179.3155517578125, 145.52789306640625, 144.0043182373047, 155.9855499267578, 158.1547393798828, 144.88162231445312, 150.16720581054688, 206.58682250976562, 206.22103881835938, 213.7239532470703, 153.4339141845703, 142.34402465820312, 202.08135986328125, 209.90313720703125, 193.23101806640625, 149.04661560058594, 152.89212036132812], [211.62416076660156, 244.83323669433594, 158.81703186035156, 211.69540405273438, 231.9219970703125, 222.15199279785156, 226.64300537109375, 181.3259735107422, 143.69711303710938, 138.86021423339844, 156.3018798828125, 158.86512756347656, 139.37261962890625, 148.2104034423828, 210.41998291015625, 208.1110076904297, 199.11000061035156, 150.6224365234375, 141.29791259765625, 201.85943603515625, 202.19557189941406, 198.55393981933594, 150.46505737304688, 150.32281494140625], [157.67330932617188, 158.81703186035156, 264.3597106933594, 156.2537384033203, 163.3122100830078, 159.97434997558594, 165.0562744140625, 184.84918212890625, 163.52517700195312, 155.07960510253906, 250.10165405273438, 248.02928161621094, 157.376708984375, 184.03826904296875, 151.33941650390625, 150.2773895263672, 145.8982391357422, 186.78355407714844, 192.98472595214844, 147.88284301757812, 147.37353515625, 144.4218292236328, 196.65603637695312, 194.32435607910156], [217.4467315673828, 211.69540405273438, 156.2537384033203, 252.72775268554688, 218.4684295654297, 210.1632843017578, 208.5972137451172, 180.43109130859375, 149.17173767089844, 144.21585083007812, 153.5147247314453, 157.03176879882812, 145.27406311035156, 150.8431396484375, 221.0216827392578, 219.05831909179688, 209.72943115234375, 154.34349060058594, 141.0459747314453, 209.0818634033203, 206.15325927734375, 206.5045166015625, 150.71070861816406, 151.4124298095703], [214.1836395263672, 231.9219970703125, 163.3122100830078, 218.4684295654297, 246.16830444335938, 219.5116424560547, 220.25393676757812, 184.60060119628906, 148.888671875, 143.27793884277344, 162.1639862060547, 161.5904998779297, 144.02371215820312, 150.88845825195312, 203.74185180664062, 201.78756713867188, 200.11947631835938, 155.1737060546875, 145.80764770507812, 199.2536163330078, 198.6854705810547, 199.4344024658203, 152.1037139892578, 152.22579956054688], [209.06190490722656, 222.15199279785156, 159.97434997558594, 210.1632843017578, 219.5116424560547, 235.87203979492188, 215.90325927734375, 179.38134765625, 143.35462951660156, 140.4153594970703, 158.4986572265625, 158.08782958984375, 140.07797241210938, 146.1219482421875, 192.04647827148438, 190.53622436523438, 190.33555603027344, 150.9401092529297, 140.48236083984375, 188.37506103515625, 189.7351837158203, 188.38845825195312, 145.91537475585938, 145.95664978027344], [205.25698852539062, 226.64300537109375, 165.0562744140625, 208.5972137451172, 220.25393676757812, 215.90325927734375, 242.2642364501953, 183.76136779785156, 148.37225341796875, 142.24127197265625, 162.6116485595703, 162.94400024414062, 142.7714080810547, 150.72984313964844, 192.78904724121094, 191.1761016845703, 191.2198944091797, 152.75650024414062, 145.1039581298828, 191.4022979736328, 190.6686248779297, 191.4657745361328, 149.77545166015625, 150.25192260742188], [179.3155517578125, 181.3259735107422, 184.84918212890625, 180.43109130859375, 184.60060119628906, 179.38134765625, 183.76136779785156, 247.41021728515625, 173.45021057128906, 165.45664978027344, 184.3749542236328, 184.30062866210938, 168.34754943847656, 172.61282348632812, 169.00625610351562, 167.35450744628906, 164.21475219726562, 191.33688354492188, 175.55490112304688, 162.42706298828125, 163.6588897705078, 161.38858032226562, 179.0263214111328, 176.80284118652344], [145.52789306640625, 143.69711303710938, 163.52517700195312, 149.17173767089844, 148.888671875, 143.35462951660156, 148.37225341796875, 173.45021057128906, 251.65182495117188, 178.47216796875, 162.85679626464844, 164.2081298828125, 181.37960815429688, 178.88099670410156, 141.37022399902344, 141.34938049316406, 138.28402709960938, 173.1070556640625, 171.74093627929688, 137.93368530273438, 137.2002716064453, 138.74615478515625, 173.2846221923828, 170.03440856933594], [144.0043182373047, 138.86021423339844, 155.07960510253906, 144.21585083007812, 143.27793884277344, 140.4153594970703, 142.24127197265625, 165.45664978027344, 178.47216796875, 261.43359375, 154.2785186767578, 154.63949584960938, 187.8257598876953, 176.37368774414062, 135.01744079589844, 134.0083770751953, 132.00567626953125, 164.19845581054688, 161.89002990722656, 134.5872344970703, 134.12408447265625, 129.0013885498047, 164.96328735351562, 161.80604553222656], [155.9855499267578, 156.3018798828125, 250.10165405273438, 153.5147247314453, 162.1639862060547, 158.4986572265625, 162.6116485595703, 184.3749542236328, 162.85679626464844, 154.2785186767578, 265.4747009277344, 251.20309448242188, 156.43521118164062, 183.95037841796875, 150.85723876953125, 149.15386962890625, 143.97097778320312, 185.1767120361328, 189.04676818847656, 147.91773986816406, 146.0901641845703, 144.6606903076172, 192.5210418701172, 192.82518005371094], [158.1547393798828, 158.86512756347656, 248.02928161621094, 157.03176879882812, 161.5904998779297, 158.08782958984375, 162.94400024414062, 184.30062866210938, 164.2081298828125, 154.63949584960938, 251.20309448242188, 264.68084716796875, 157.1623992919922, 184.0276641845703, 149.59381103515625, 149.0570526123047, 145.07322692871094, 185.9193878173828, 194.0148162841797, 147.69866943359375, 147.16091918945312, 143.9762420654297, 195.763916015625, 194.4192657470703], [144.88162231445312, 139.37261962890625, 157.376708984375, 145.27406311035156, 144.02371215820312, 140.07797241210938, 142.7714080810547, 168.34754943847656, 181.37960815429688, 187.8257598876953, 156.43521118164062, 157.1623992919922, 264.4739074707031, 180.34364318847656, 139.86285400390625, 139.2833709716797, 136.44082641601562, 164.97874450683594, 164.0946044921875, 135.4029998779297, 139.23497009277344, 134.3861083984375, 167.7971649169922, 164.1820068359375], [150.16720581054688, 148.2104034423828, 184.03826904296875, 150.8431396484375, 150.88845825195312, 146.1219482421875, 150.72984313964844, 172.61282348632812, 178.88099670410156, 176.37368774414062, 183.95037841796875, 184.0276641845703, 180.34364318847656, 265.7795715332031, 143.60354614257812, 143.14938354492188, 141.02308654785156, 193.5169219970703, 214.88856506347656, 143.4892120361328, 143.36468505859375, 140.59396362304688, 229.05889892578125, 220.6115264892578], [206.58682250976562, 210.41998291015625, 151.33941650390625, 221.0216827392578, 203.74185180664062, 192.04647827148438, 192.78904724121094, 169.00625610351562, 141.37022399902344, 135.01744079589844, 150.85723876953125, 149.59381103515625, 139.86285400390625, 143.60354614257812, 252.41134643554688, 245.06370544433594, 238.90562438964844, 150.6859130859375, 140.1697540283203, 219.3804473876953, 215.24777221679688, 217.09121704101562, 145.2364044189453, 146.6422119140625], [206.22103881835938, 208.1110076904297, 150.2773895263672, 219.05831909179688, 201.78756713867188, 190.53622436523438, 191.1761016845703, 167.35450744628906, 141.34938049316406, 134.0083770751953, 149.15386962890625, 149.0570526123047, 139.2833709716797, 143.14938354492188, 245.06370544433594, 252.26409912109375, 241.90579223632812, 149.26121520996094, 139.10104370117188, 218.6669921875, 214.48257446289062, 212.98321533203125, 145.05140686035156, 146.73513793945312], [213.7239532470703, 199.11000061035156, 145.8982391357422, 209.72943115234375, 200.11947631835938, 190.33555603027344, 191.2198944091797, 164.21475219726562, 138.28402709960938, 132.00567626953125, 143.97097778320312, 145.07322692871094, 136.44082641601562, 141.02308654785156, 238.90562438964844, 241.90579223632812, 252.10055541992188, 149.26998901367188, 139.96231079101562, 209.97711181640625, 220.15530395507812, 201.5526885986328, 146.6610107421875, 148.94662475585938], [153.4339141845703, 150.6224365234375, 186.78355407714844, 154.34349060058594, 155.1737060546875, 150.9401092529297, 152.75650024414062, 191.33688354492188, 173.1070556640625, 164.19845581054688, 185.1767120361328, 185.9193878173828, 164.97874450683594, 193.5169219970703, 150.6859130859375, 149.26121520996094, 149.26998901367188, 267.8897399902344, 229.87425231933594, 143.4672393798828, 142.0626983642578, 142.8319091796875, 210.2738800048828, 206.97561645507812], [142.34402465820312, 141.29791259765625, 192.98472595214844, 141.0459747314453, 145.80764770507812, 140.48236083984375, 145.1039581298828, 175.55490112304688, 171.74093627929688, 161.89002990722656, 189.04676818847656, 194.0148162841797, 164.0946044921875, 214.88856506347656, 140.1697540283203, 139.10104370117188, 139.96231079101562, 229.87425231933594, 262.6669006347656, 137.9420166015625, 135.1735382080078, 133.8460693359375, 227.90493774414062, 231.0589141845703], [202.08135986328125, 201.85943603515625, 147.88284301757812, 209.0818634033203, 199.2536163330078, 188.37506103515625, 191.4022979736328, 162.42706298828125, 137.93368530273438, 134.5872344970703, 147.91773986816406, 147.69866943359375, 135.4029998779297, 143.4892120361328, 219.3804473876953, 218.6669921875, 209.97711181640625, 143.4672393798828, 137.9420166015625, 263.9663391113281, 225.1245574951172, 214.91033935546875, 148.78826904296875, 149.382568359375], [209.90313720703125, 202.19557189941406, 147.37353515625, 206.15325927734375, 198.6854705810547, 189.7351837158203, 190.6686248779297, 163.6588897705078, 137.2002716064453, 134.12408447265625, 146.0901641845703, 147.16091918945312, 139.23497009277344, 143.36468505859375, 215.24777221679688, 214.48257446289062, 220.15530395507812, 142.0626983642578, 135.1735382080078, 225.1245574951172, 260.6575622558594, 209.3659210205078, 145.4298095703125, 149.51739501953125], [193.23101806640625, 198.55393981933594, 144.4218292236328, 206.5045166015625, 199.4344024658203, 188.38845825195312, 191.4657745361328, 161.38858032226562, 138.74615478515625, 129.0013885498047, 144.6606903076172, 143.9762420654297, 134.3861083984375, 140.59396362304688, 217.09121704101562, 212.98321533203125, 201.5526885986328, 142.8319091796875, 133.8460693359375, 214.91033935546875, 209.3659210205078, 254.6048583984375, 142.31015014648438, 141.35165405273438], [149.04661560058594, 150.46505737304688, 196.65603637695312, 150.71070861816406, 152.1037139892578, 145.91537475585938, 149.77545166015625, 179.0263214111328, 173.2846221923828, 164.96328735351562, 192.5210418701172, 195.763916015625, 167.7971649169922, 229.05889892578125, 145.2364044189453, 145.05140686035156, 146.6610107421875, 210.2738800048828, 227.90493774414062, 148.78826904296875, 145.4298095703125, 142.31015014648438, 264.46881103515625, 254.19285583496094], [152.89212036132812, 150.32281494140625, 194.32435607910156, 151.4124298095703, 152.22579956054688, 145.95664978027344, 150.25192260742188, 176.80284118652344, 170.03440856933594, 161.80604553222656, 192.82518005371094, 194.4192657470703, 164.1820068359375, 220.6115264892578, 146.6422119140625, 146.73513793945312, 148.94662475585938, 206.97561645507812, 231.0589141845703, 149.382568359375, 149.51739501953125, 141.35165405273438, 254.19285583496094, 267.0692138671875]]}