{"name": "env0", "maps_names": ["path0_map1", "path0_map2", "path0_map3", "path0_map4", "path0_map5", "path0_map6", "path0_map8", "path0_map9", "path0_map10", "path0_map11", "path0_map12", "path0_map13", "path0_map15", "path0_map16", "path0_map17", "path0_map18", "path0_map19", "path0_map20", "path0_map21", "path0_map22", "path0_map23", "path0_map24"], "timestamp": [[1628446944.9681673, "2021-08-08 20:22:24"], [1629062420.328952, "2021-08-15 23:20:20"], [1628443562.5771434, "2021-08-08 19:26:02"], [1628445730.1549253, "2021-08-08 20:02:10"], [1628446155.9641075, "2021-08-08 20:09:15"], [1628447864.6729546, "2021-08-08 20:37:44"], [1628450613.950567, "2021-08-08 21:23:33"], [1628451256.2081633, "2021-08-08 21:34:16"], [1629061574.2754974, "2021-08-15 23:06:14"], [1629061965.9768252, "2021-08-15 23:12:45"], [1628452216.2662547, "2021-08-08 21:50:16"], [1628456612.1941354, "2021-08-08 23:03:32"], [1630772244.6369565, "2021-09-04 18:17:24"], [1630772717.3925653, "2021-09-04 18:25:17"], [1630773976.6604774, "2021-09-04 18:46:16"], [1630779749.8604176, "2021-09-04 20:22:29"], [1630780638.8788085, "2021-09-04 20:37:18"], [1632576397.9587939, "2021-09-25 15:26:37"], [1632576865.3923407, "2021-09-25 15:34:25"], [1632578230.1978815, "2021-09-25 15:57:10"], [1632593792.1849241, "2021-09-25 20:16:32"], [1632594412.781047, "2021-09-25 20:26:52"]], "nodes_names": ["a"], "distance": [145.58059692382812, 145.62979125976562, 138.40243530273438, 145.6076202392578, 145.60157775878906, 145.58544921875, 145.57838439941406, 145.60963439941406, 135.36532592773438, 4402.69287109375, 145.6156768798828, 139.42051696777344, 145.57032775878906, 145.61265563964844, 145.61265563964844, 145.62777709960938, 145.5975341796875, 145.57846069335938, 145.61668395996094, 144.622802734375, 145.70237731933594, 144.6268310546875], "neighbours": [{"a": [["b", 145.58059692382812, "path0_map1"], ["b", 145.62979125976562, "path0_map2"], ["b", 138.40243530273438, "path0_map3"], ["b", 145.6076202392578, "path0_map4"], ["b", 145.60157775878906, "path0_map5"], ["b", 145.58544921875, "path0_map6"], ["b", 145.57838439941406, "path0_map8"], ["b", 145.60963439941406, "path0_map9"], ["b", 135.36532592773438, "path0_map10"], ["b", 4402.69287109375, "path0_map11"], ["b", 145.6156768798828, "path0_map12"], ["b", 139.42051696777344, "path0_map13"], ["b", 145.57032775878906, "path0_map15"], ["b", 145.61265563964844, "path0_map16"], ["b", 145.61265563964844, "path0_map17"], ["b", 145.62777709960938, "path0_map18"], ["b", 145.5975341796875, "path0_map19"], ["b", 145.57846069335938, "path0_map20"], ["b", 145.61668395996094, "path0_map21"], ["b", 144.622802734375, "path0_map22"], ["b", 145.70237731933594, "path0_map23"], ["b", 144.6268310546875, "path0_map24"]]}], "fremen_output": {"amplitudes": [0.03943332208346288, 0.038365230317346496, 0.038102326504664503, 0.037481548730897735, 0.03572674840148863], "omegas": [0.00025972161488010856, 0.0002701104794753129, 0.00019738842730888248, 0.00020777729190408684, 0.0004674989067841954], "time_periods": [24192.0, 23261.53846153846, 31831.578947368424, 30240.0, 13440.0], "phis": [-0.13836597076444565, -0.2641415718971279, -0.2863054158248384, -0.4115667535383062, 0.19193242216810288]}, "Softmax_similarity_matrix": [[0.13360092453021954, 0.06377150114037024, 0.02167781464875087, 0.07164746805600249, 0.06712093384714601, 0.06058584486941018, 0.05614642189665685, 0.01700285117144925, 0.016492562956349124, 0.020958288134982152, 0.021887549785771877, 0.016784496465777704, 0.01865599049805013, 0.05765976605182845, 0.05723948520360699, 0.06650667041170592, 0.019915562640368863, 0.015953905812776947, 0.05269130133669078, 0.06161380353356012, 0.04414340531749773, 0.01824252663383273, 0.01970092505719497], [0.06135166556199723, 0.11920012912187934, 0.021337791324319903, 0.061439145756249, 0.09207275183735625, 0.07573034660280277, 0.08284730472874324, 0.015769557874510495, 0.014315507477163295, 0.020290985058767207, 0.021358326320724985, 0.014462968651014565, 0.017259231725714818, 0.05989174976628693, 0.057188867641350026, 0.047767195447653954, 0.018112237856118832, 0.015030738775262564, 0.05046741218338972, 0.05080783332304391, 0.04723890919558416, 0.018055317711443183, 0.018004026058623626], [0.022228177843820484, 0.022742495138720002, 0.1877457743539597, 0.021605962922526888, 0.02488185371720568, 0.02327504064057137, 0.02576507925983154, 0.02498805997531152, 0.021104508102427363, 0.1411647503964669, 0.13543342647798814, 0.02209671045912656, 0.03766231342634547, 0.01958341236156224, 0.019171836635774955, 0.01756414050850988, 0.039788011618365135, 0.04504171628034325, 0.018275318434956955, 0.018090108060426102, 0.017053085485126334, 0.048473405012803596, 0.046264812887829715], [0.06694211215273595, 0.05966834814140792, 0.01968719422286455, 0.13556465301877482, 0.06832407600328894, 0.057867696085562005, 0.05608328913449118, 0.017087178215154767, 0.015474765012248605, 0.01863773169165466, 0.01999593479888975, 0.01580576708902119, 0.017668023252804047, 0.07190366749107706, 0.06913492283550696, 0.05736774662494277, 0.01894923249023237, 0.014524154796725253, 0.056629547233774676, 0.05340790679934228, 0.05378442617138405, 0.01762128927996114, 0.017870337458155108], [0.06466250818330288, 0.09219894728485521, 0.02337700794828917, 0.07044817708194712, 0.1225936049488426, 0.07193346686485234, 0.07300934938449982, 0.01751893347352252, 0.015659340064691687, 0.02284628439256355, 0.02258574079582124, 0.015894656992106935, 0.018233816808165448, 0.052475469222133087, 0.05046399512261256, 0.048808198349964846, 0.019865466896227858, 0.01647199597642509, 0.047970253402316164, 0.047428256651702194, 0.04814401448099875, 0.018682421427533766, 0.01872809424662514], [0.06760952246166933, 0.08784295305451821, 0.025330209614206154, 0.06911532082706616, 0.08332458043707976, 0.115578682951475, 0.07752309758789297, 0.01816693766325996, 0.01712977075771313, 0.024593541906153326, 0.024392295679479002, 0.017014572590112933, 0.01920075698666261, 0.04810760656393485, 0.04667623866257325, 0.046489285208004466, 0.02114308549014536, 0.017152740497153172, 0.04470171914522043, 0.04593440562306414, 0.04471369832247676, 0.01912159328426909, 0.019137384685870083], [0.05994737100024396, 0.09194470504332662, 0.026828177785478084, 0.06408892241155324, 0.08091554789187691, 0.07417242440441817, 0.12566403862981046, 0.019216558421594494, 0.016998969018563397, 0.02554803046062403, 0.025718414727485005, 0.017180163242767724, 0.020144355389387792, 0.046717003620189455, 0.04523401239551893, 0.045273648163524145, 0.02097764321215943, 0.018000623917789185, 0.045439111286670684, 0.044777230137500484, 0.0454968342912477, 0.019763489878311676, 0.019952724669958507], [0.02718069547185625, 0.02620345822670512, 0.0389567740883545, 0.029235504790208606, 0.029070460984942023, 0.02602458647985963, 0.028771755757095615, 0.22700808503096456, 0.05253042334671873, 0.03843948013676816, 0.0394925375927442, 0.05567556146531347, 0.052961703070230744, 0.0250119475993049, 0.02500152303877294, 0.02351479215877918, 0.04718567015010589, 0.04591389801744027, 0.023350603760349014, 0.023010590508186844, 0.02373313636299376, 0.047353539966981814, 0.044373271995323885], [0.02703867971806007, 0.024395198811325285, 0.033743039543219264, 0.027153313274933887, 0.026648712422640837, 0.025165883507192933, 0.026101884053856998, 0.05387278412333612, 0.2831152145210006, 0.03320672553549425, 0.03344733041720066, 0.06495516456681774, 0.05165855485531675, 0.02259053185798828, 0.022139195722988066, 0.02126995649056327, 0.04049389307425154, 0.038666850486428185, 0.02239699388254799, 0.022190488423926544, 0.02002957295614201, 0.04111807497793314, 0.038601956776835505], [0.021599213582360687, 0.021736296324567802, 0.14187962521275452, 0.02055779940231163, 0.024440109909024687, 0.02271258217572447, 0.02465991074879891, 0.024781114043644706, 0.020874248723654586, 0.19295170526860617, 0.14503974334759104, 0.021794336247971897, 0.03778655968948431, 0.01949368725527104, 0.0188407730342099, 0.016985592129835247, 0.03872479714689326, 0.04184119041853097, 0.018380690874981166, 0.017720978982309687, 0.017221519119330755, 0.04485193559579616, 0.045125590766346674], [0.022443557700160897, 0.022764706464540815, 0.13543535689537536, 0.021945107006594543, 0.02403999305652216, 0.022413543912133477, 0.02469964394038475, 0.02533207605387732, 0.020919855674958476, 0.14431100288274573, 0.18895818867374065, 0.022002515970568657, 0.03765486291406916, 0.01891178067422382, 0.018709845366947107, 0.017276952050513078, 0.039106808396706265, 0.04597993699028053, 0.018208385176217666, 0.01801360322270408, 0.01690202884268728, 0.04761687158933746, 0.046353376544710584], [0.026200193470466468, 0.02346680199702175, 0.033638408643698756, 0.02640664309875475, 0.025754479985174, 0.023800195550752842, 0.025117442131517693, 0.05436532333440142, 0.06184613126341527, 0.03301092517061419, 0.03349453645583017, 0.28646389241112735, 0.05325050097833906, 0.023698018306789106, 0.023424951747566404, 0.022130370084789096, 0.03916209203375536, 0.03847568328122521, 0.021675754817092965, 0.023402286954237055, 0.02123936961496275, 0.04143299927059757, 0.038542999397870814], [0.021126792226770434, 0.020315943287546313, 0.04159430560614856, 0.021414337740061334, 0.021433755896401105, 0.019484842535021075, 0.021365869279793302, 0.03751788777780975, 0.03568290232002031, 0.041521254839410694, 0.04158548450722397, 0.03863160625573923, 0.2133191333897696, 0.01852773531147008, 0.018360205234309483, 0.017595789201909108, 0.050276427672076116, 0.07708966260626118, 0.018485416673321063, 0.018439435294971898, 0.017445420261966715, 0.10234770318727754, 0.08643808889472117], [0.051623568047910254, 0.055736850738822875, 0.01709917459779062, 0.06890133253171908, 0.04876822136816301, 0.038596879396797644, 0.03917437397724233, 0.014008248617974351, 0.012336849513687072, 0.016935070318522358, 0.01651250683593082, 0.013592238661834174, 0.014648131519266758, 0.12908470178043574, 0.11144330341424383, 0.09852933793866157, 0.016877141372383362, 0.013675924398184111, 0.06667638290826636, 0.061386952186595685, 0.06369246100159873, 0.015134394748857232, 0.015565954125112053], [0.05194479519362246, 0.05394585731145609, 0.016967649116554556, 0.06714987955045504, 0.04753717755005684, 0.03795818786914826, 0.03844708118415154, 0.014192992505236337, 0.012254929802543404, 0.016590631025406782, 0.016558536999924236, 0.013618486440460417, 0.014713249557780573, 0.1129601222832105, 0.13045687727467675, 0.10604638493472678, 0.016626287906346644, 0.013568916445784847, 0.06662637972856687, 0.06127746987570951, 0.0594672091571353, 0.015283730316436317, 0.015807167970610023], [0.06340331950490638, 0.047334393447462236, 0.01632996781335933, 0.05853505328841081, 0.04829976424640843, 0.03971576745106209, 0.04042445976282285, 0.014023264427197639, 0.012368472303338525, 0.015712502121193673, 0.016062730163965717, 0.013515723096772946, 0.014812906835555988, 0.10491491003951749, 0.1114028597288529, 0.13659881356782413, 0.017469158130156662, 0.014501953566462762, 0.05882573266801915, 0.07210643074613592, 0.04970427399226338, 0.016580998450956647, 0.017356544647354106], [0.022923584279589952, 0.02167017104264073, 0.044663609265167395, 0.023344415488171323, 0.02373526932732587, 0.021808289791300534, 0.022615103578357023, 0.03397514036303595, 0.028430345957046327, 0.043251080634409064, 0.04389830612379973, 0.028877503553832774, 0.05110214219990297, 0.021697699472375796, 0.02108817131937379, 0.02109187211358029, 0.2261690611754225, 0.1057389186754241, 0.018780756697639293, 0.01826053083008094, 0.01854362680772333, 0.07144769033259624, 0.06688671097120419], [0.01754282414615895, 0.017179601909130635, 0.04830132589942457, 0.017093255785452666, 0.01880113887905413, 0.016901657759045226, 0.018538388851913182, 0.031581869886031705, 0.025934265606767055, 0.04464310429626485, 0.04930674160523677, 0.027103329562304077, 0.07485371886317334, 0.016796315941057124, 0.01644111757933869, 0.016726774656428717, 0.10101303207462085, 0.19463042526963206, 0.016064386843360652, 0.015199085426500015, 0.01480086876361256, 0.09711183450769045, 0.1034349358878017], [0.051637762967253475, 0.051409077848778684, 0.017466467647370598, 0.05939816395689559, 0.04879844144116599, 0.0392569017176701, 0.04170712624962567, 0.014314882839541044, 0.013388160049144508, 0.017478662396694114, 0.017402248755292418, 0.013608383621362909, 0.015997145318545417, 0.0729836173253561, 0.07194960128474934, 0.060471264443997995, 0.015990116867494606, 0.01431726826960535, 0.17803013438024465, 0.08186873712584729, 0.06674189289297765, 0.017785640688897923, 0.017998301911488657], [0.06119470263877167, 0.05245256940943401, 0.01752219891651695, 0.05677312537702708, 0.04889657216078698, 0.04088247788802196, 0.04165287446510491, 0.014296336499106006, 0.01344328295691864, 0.017078172175239912, 0.01744784712706915, 0.014890110761178237, 0.01617216548624824, 0.06809837342516656, 0.06706413314655199, 0.07512128663954785, 0.015756482229493024, 0.01372842701410182, 0.08297082444939229, 0.16887336737135583, 0.06054072649996976, 0.01685410209336976, 0.018289841269627464], [0.048032701819227225, 0.0534282964610908, 0.018096133379013488, 0.06263674191886565, 0.05437746136273684, 0.04359885421547729, 0.046366499096466174, 0.016154276303482238, 0.013293689866373259, 0.018182789442518627, 0.017935581746107276, 0.014805279993686568, 0.01676244517602396, 0.07740768354913985, 0.07130211655262493, 0.0567306981318031, 0.017529757915346274, 0.014646231871287302, 0.07410392446336614, 0.06632587721331583, 0.1639167822077589, 0.017347782847173254, 0.017018394467115054], [0.01814714745641858, 0.018669332770751158, 0.047026054489315045, 0.018761281355454115, 0.019291321878638367, 0.017045539669250882, 0.018413610727538166, 0.029467074319721384, 0.024949326266397655, 0.04329347404761611, 0.046194437560895536, 0.02640423383288286, 0.08990549381750125, 0.01681563586449612, 0.016753533791039412, 0.017301639853922166, 0.06174782001656727, 0.08785430577998118, 0.01805362421703647, 0.01688080643847952, 0.01585974399208429, 0.18253780314910512, 0.14862675870490724], [0.019709552595348474, 0.018722337189729564, 0.04513906852312188, 0.019134818058026706, 0.019448637292308356, 0.01715678993631586, 0.01869581059587447, 0.027769802399795387, 0.023556032033099396, 0.04380572932702968, 0.04522483257586689, 0.02470241843096563, 0.07636248519455056, 0.017393650965420174, 0.01742600748075524, 0.018214054282873492, 0.058135316911487635, 0.09410764606802247, 0.01837355461311845, 0.018423166373009267, 0.01564723298621717, 0.14947335223243535, 0.19337770393462794]], "Similarity_matrix": [[248.60169982910156, 211.62416076660156, 157.67330932617188, 217.4467315673828, 214.1836395263672, 209.06190490722656, 205.25698852539062, 145.52789306640625, 144.0043182373047, 155.9855499267578, 158.1547393798828, 144.88162231445312, 150.16720581054688, 206.58682250976562, 206.22103881835938, 213.7239532470703, 153.4339141845703, 142.34402465820312, 202.08135986328125, 209.90313720703125, 193.23101806640625, 149.04661560058594, 152.89212036132812], [211.62416076660156, 244.83323669433594, 158.81703186035156, 211.69540405273438, 231.9219970703125, 222.15199279785156, 226.64300537109375, 143.69711303710938, 138.86021423339844, 156.3018798828125, 158.86512756347656, 139.37261962890625, 148.2104034423828, 210.41998291015625, 208.1110076904297, 199.11000061035156, 150.6224365234375, 141.29791259765625, 201.85943603515625, 202.19557189941406, 198.55393981933594, 150.46505737304688, 150.32281494140625], [157.67330932617188, 158.81703186035156, 264.3597106933594, 156.2537384033203, 163.3122100830078, 159.97434997558594, 165.0562744140625, 163.52517700195312, 155.07960510253906, 250.10165405273438, 248.02928161621094, 157.376708984375, 184.03826904296875, 151.33941650390625, 150.2773895263672, 145.8982391357422, 186.78355407714844, 192.98472595214844, 147.88284301757812, 147.37353515625, 144.4218292236328, 196.65603637695312, 194.32435607910156], [217.4467315673828, 211.69540405273438, 156.2537384033203, 252.72775268554688, 218.4684295654297, 210.1632843017578, 208.5972137451172, 149.17173767089844, 144.21585083007812, 153.5147247314453, 157.03176879882812, 145.27406311035156, 150.8431396484375, 221.0216827392578, 219.05831909179688, 209.72943115234375, 154.34349060058594, 141.0459747314453, 209.0818634033203, 206.15325927734375, 206.5045166015625, 150.71070861816406, 151.4124298095703], [214.1836395263672, 231.9219970703125, 163.3122100830078, 218.4684295654297, 246.16830444335938, 219.5116424560547, 220.25393676757812, 148.888671875, 143.27793884277344, 162.1639862060547, 161.5904998779297, 144.02371215820312, 150.88845825195312, 203.74185180664062, 201.78756713867188, 200.11947631835938, 155.1737060546875, 145.80764770507812, 199.2536163330078, 198.6854705810547, 199.4344024658203, 152.1037139892578, 152.22579956054688], [209.06190490722656, 222.15199279785156, 159.97434997558594, 210.1632843017578, 219.5116424560547, 235.87203979492188, 215.90325927734375, 143.35462951660156, 140.4153594970703, 158.4986572265625, 158.08782958984375, 140.07797241210938, 146.1219482421875, 192.04647827148438, 190.53622436523438, 190.33555603027344, 150.9401092529297, 140.48236083984375, 188.37506103515625, 189.7351837158203, 188.38845825195312, 145.91537475585938, 145.95664978027344], [205.25698852539062, 226.64300537109375, 165.0562744140625, 208.5972137451172, 220.25393676757812, 215.90325927734375, 242.2642364501953, 148.37225341796875, 142.24127197265625, 162.6116485595703, 162.94400024414062, 142.7714080810547, 150.72984313964844, 192.78904724121094, 191.1761016845703, 191.2198944091797, 152.75650024414062, 145.1039581298828, 191.4022979736328, 190.6686248779297, 191.4657745361328, 149.77545166015625, 150.25192260742188], [145.52789306640625, 143.69711303710938, 163.52517700195312, 149.17173767089844, 148.888671875, 143.35462951660156, 148.37225341796875, 251.65182495117188, 178.47216796875, 162.85679626464844, 164.2081298828125, 181.37960815429688, 178.88099670410156, 141.37022399902344, 141.34938049316406, 138.28402709960938, 173.1070556640625, 171.74093627929688, 137.93368530273438, 137.2002716064453, 138.74615478515625, 173.2846221923828, 170.03440856933594], [144.0043182373047, 138.86021423339844, 155.07960510253906, 144.21585083007812, 143.27793884277344, 140.4153594970703, 142.24127197265625, 178.47216796875, 261.43359375, 154.2785186767578, 154.63949584960938, 187.8257598876953, 176.37368774414062, 135.01744079589844, 134.0083770751953, 132.00567626953125, 164.19845581054688, 161.89002990722656, 134.5872344970703, 134.12408447265625, 129.0013885498047, 164.96328735351562, 161.80604553222656], [155.9855499267578, 156.3018798828125, 250.10165405273438, 153.5147247314453, 162.1639862060547, 158.4986572265625, 162.6116485595703, 162.85679626464844, 154.2785186767578, 265.4747009277344, 251.20309448242188, 156.43521118164062, 183.95037841796875, 150.85723876953125, 149.15386962890625, 143.97097778320312, 185.1767120361328, 189.04676818847656, 147.91773986816406, 146.0901641845703, 144.6606903076172, 192.5210418701172, 192.82518005371094], [158.1547393798828, 158.86512756347656, 248.02928161621094, 157.03176879882812, 161.5904998779297, 158.08782958984375, 162.94400024414062, 164.2081298828125, 154.63949584960938, 251.20309448242188, 264.68084716796875, 157.1623992919922, 184.0276641845703, 149.59381103515625, 149.0570526123047, 145.07322692871094, 185.9193878173828, 194.0148162841797, 147.69866943359375, 147.16091918945312, 143.9762420654297, 195.763916015625, 194.4192657470703], [144.88162231445312, 139.37261962890625, 157.376708984375, 145.27406311035156, 144.02371215820312, 140.07797241210938, 142.7714080810547, 181.37960815429688, 187.8257598876953, 156.43521118164062, 157.1623992919922, 264.4739074707031, 180.34364318847656, 139.86285400390625, 139.2833709716797, 136.44082641601562, 164.97874450683594, 164.0946044921875, 135.4029998779297, 139.23497009277344, 134.3861083984375, 167.7971649169922, 164.1820068359375], [150.16720581054688, 148.2104034423828, 184.03826904296875, 150.8431396484375, 150.88845825195312, 146.1219482421875, 150.72984313964844, 178.88099670410156, 176.37368774414062, 183.95037841796875, 184.0276641845703, 180.34364318847656, 265.7795715332031, 143.60354614257812, 143.14938354492188, 141.02308654785156, 193.5169219970703, 214.88856506347656, 143.4892120361328, 143.36468505859375, 140.59396362304688, 229.05889892578125, 220.6115264892578], [206.58682250976562, 210.41998291015625, 151.33941650390625, 221.0216827392578, 203.74185180664062, 192.04647827148438, 192.78904724121094, 141.37022399902344, 135.01744079589844, 150.85723876953125, 149.59381103515625, 139.86285400390625, 143.60354614257812, 252.41134643554688, 245.06370544433594, 238.90562438964844, 150.6859130859375, 140.1697540283203, 219.3804473876953, 215.24777221679688, 217.09121704101562, 145.2364044189453, 146.6422119140625], [206.22103881835938, 208.1110076904297, 150.2773895263672, 219.05831909179688, 201.78756713867188, 190.53622436523438, 191.1761016845703, 141.34938049316406, 134.0083770751953, 149.15386962890625, 149.0570526123047, 139.2833709716797, 143.14938354492188, 245.06370544433594, 252.26409912109375, 241.90579223632812, 149.26121520996094, 139.10104370117188, 218.6669921875, 214.48257446289062, 212.98321533203125, 145.05140686035156, 146.73513793945312], [213.7239532470703, 199.11000061035156, 145.8982391357422, 209.72943115234375, 200.11947631835938, 190.33555603027344, 191.2198944091797, 138.28402709960938, 132.00567626953125, 143.97097778320312, 145.07322692871094, 136.44082641601562, 141.02308654785156, 238.90562438964844, 241.90579223632812, 252.10055541992188, 149.26998901367188, 139.96231079101562, 209.97711181640625, 220.15530395507812, 201.5526885986328, 146.6610107421875, 148.94662475585938], [153.4339141845703, 150.6224365234375, 186.78355407714844, 154.34349060058594, 155.1737060546875, 150.9401092529297, 152.75650024414062, 173.1070556640625, 164.19845581054688, 185.1767120361328, 185.9193878173828, 164.97874450683594, 193.5169219970703, 150.6859130859375, 149.26121520996094, 149.26998901367188, 267.8897399902344, 229.87425231933594, 143.4672393798828, 142.0626983642578, 142.8319091796875, 210.2738800048828, 206.97561645507812], [142.34402465820312, 141.29791259765625, 192.98472595214844, 141.0459747314453, 145.80764770507812, 140.48236083984375, 145.1039581298828, 171.74093627929688, 161.89002990722656, 189.04676818847656, 194.0148162841797, 164.0946044921875, 214.88856506347656, 140.1697540283203, 139.10104370117188, 139.96231079101562, 229.87425231933594, 262.6669006347656, 137.9420166015625, 135.1735382080078, 133.8460693359375, 227.90493774414062, 231.0589141845703], [202.08135986328125, 201.85943603515625, 147.88284301757812, 209.0818634033203, 199.2536163330078, 188.37506103515625, 191.4022979736328, 137.93368530273438, 134.5872344970703, 147.91773986816406, 147.69866943359375, 135.4029998779297, 143.4892120361328, 219.3804473876953, 218.6669921875, 209.97711181640625, 143.4672393798828, 137.9420166015625, 263.9663391113281, 225.1245574951172, 214.91033935546875, 148.78826904296875, 149.382568359375], [209.90313720703125, 202.19557189941406, 147.37353515625, 206.15325927734375, 198.6854705810547, 189.7351837158203, 190.6686248779297, 137.2002716064453, 134.12408447265625, 146.0901641845703, 147.16091918945312, 139.23497009277344, 143.36468505859375, 215.24777221679688, 214.48257446289062, 220.15530395507812, 142.0626983642578, 135.1735382080078, 225.1245574951172, 260.6575622558594, 209.3659210205078, 145.4298095703125, 149.51739501953125], [193.23101806640625, 198.55393981933594, 144.4218292236328, 206.5045166015625, 199.4344024658203, 188.38845825195312, 191.4657745361328, 138.74615478515625, 129.0013885498047, 144.6606903076172, 143.9762420654297, 134.3861083984375, 140.59396362304688, 217.09121704101562, 212.98321533203125, 201.5526885986328, 142.8319091796875, 133.8460693359375, 214.91033935546875, 209.3659210205078, 254.6048583984375, 142.31015014648438, 141.35165405273438], [149.04661560058594, 150.46505737304688, 196.65603637695312, 150.71070861816406, 152.1037139892578, 145.91537475585938, 149.77545166015625, 173.2846221923828, 164.96328735351562, 192.5210418701172, 195.763916015625, 167.7971649169922, 229.05889892578125, 145.2364044189453, 145.05140686035156, 146.6610107421875, 210.2738800048828, 227.90493774414062, 148.78826904296875, 145.4298095703125, 142.31015014648438, 264.46881103515625, 254.19285583496094], [152.89212036132812, 150.32281494140625, 194.32435607910156, 151.4124298095703, 152.22579956054688, 145.95664978027344, 150.25192260742188, 170.03440856933594, 161.80604553222656, 192.82518005371094, 194.4192657470703, 164.1820068359375, 220.6115264892578, 146.6422119140625, 146.73513793945312, 148.94662475585938, 206.97561645507812, 231.0589141845703, 149.382568359375, 149.51739501953125, 141.35165405273438, 254.19285583496094, 267.0692138671875]]}