{"name": "env0", "maps_names": ["path0_map0", "path0_map1", "path0_map2", "path0_map3", "path0_map4", "path0_map5", "path0_map6", "path0_map7", "path0_map8", "path0_map9", "path0_map10", "path0_map11", "path0_map12", "path0_map13", "path0_map15", "path0_map16", "path0_map17", "path0_map18", "path0_map19", "path0_map20", "path0_map21", "path0_map22", "path0_map23", "path0_map24"], "timestamp": {"path0_map0": [1628441543.1538866, "2021-08-08 18:52:23"], "path0_map1": [1628446944.9681673, "2021-08-08 20:22:24"], "path0_map2": [1629062420.328952, "2021-08-15 23:20:20"], "path0_map3": [1628443562.5771434, "2021-08-08 19:26:02"], "path0_map4": [1628445730.1549253, "2021-08-08 20:02:10"], "path0_map5": [1628446155.9641075, "2021-08-08 20:09:15"], "path0_map6": [1628447864.6729546, "2021-08-08 20:37:44"], "path0_map7": [1628448852.1848671, "2021-08-08 20:54:12"], "path0_map8": [1628450613.950567, "2021-08-08 21:23:33"], "path0_map9": [1628451256.2081633, "2021-08-08 21:34:16"], "path0_map10": [1629061574.2754974, "2021-08-15 23:06:14"], "path0_map11": [1629061965.9768252, "2021-08-15 23:12:45"], "path0_map12": [1628452216.2662547, "2021-08-08 21:50:16"], "path0_map13": [1628456612.1941354, "2021-08-08 23:03:32"], "path0_map15": [1630772244.6369565, "2021-09-04 18:17:24"], "path0_map16": [1630772717.3925653, "2021-09-04 18:25:17"], "path0_map17": [1630773976.6604774, "2021-09-04 18:46:16"], "path0_map18": [1630779749.8604176, "2021-09-04 20:22:29"], "path0_map19": [1630780638.8788085, "2021-09-04 20:37:18"], "path0_map20": [1632576397.9587939, "2021-09-25 15:26:37"], "path0_map21": [1632576865.3923407, "2021-09-25 15:34:25"], "path0_map22": [1632578230.1978815, "2021-09-25 15:57:10"], "path0_map23": [1632593792.1849241, "2021-09-25 20:16:32"], "path0_map24": [1632594412.781047, "2021-09-25 20:26:52"]}, "nodes_names": ["a", "b"], "distances": [], "distance": {"path0_map0": 145.56427001953125, "path0_map1": 145.58059692382812, "path0_map2": 145.62979125976562, "path0_map3": 138.40243530273438, "path0_map4": 145.6076202392578, "path0_map5": 145.60157775878906, "path0_map6": 145.58544921875, "path0_map7": 145.6717987060547, "path0_map8": 145.57838439941406, "path0_map9": 145.60963439941406, "path0_map10": 135.36532592773438, "path0_map11": 4402.69287109375, "path0_map12": 145.6156768798828, "path0_map13": 139.42051696777344, "path0_map15": 145.57032775878906, "path0_map16": 145.61265563964844, "path0_map17": 145.61265563964844, "path0_map18": 145.62777709960938, "path0_map19": 145.5975341796875, "path0_map20": 145.57846069335938, "path0_map21": 145.61668395996094, "path0_map22": 144.622802734375, "path0_map23": 145.70237731933594, "path0_map24": 144.6268310546875}, "trans": [], "neighbours": [{"a": [["b", 145.56427001953125, "path0_map0"], ["b", 145.58059692382812, "path0_map1"], ["b", 145.62979125976562, "path0_map2"], ["b", 138.40243530273438, "path0_map3"], ["b", 145.6076202392578, "path0_map4"], ["b", 145.60157775878906, "path0_map5"], ["b", 145.58544921875, "path0_map6"], ["b", 145.6717987060547, "path0_map7"], ["b", 145.57838439941406, "path0_map8"], ["b", 145.60963439941406, "path0_map9"], ["b", 135.36532592773438, "path0_map10"], ["b", 4402.69287109375, "path0_map11"], ["b", 145.6156768798828, "path0_map12"], ["b", 139.42051696777344, "path0_map13"], ["b", 145.57032775878906, "path0_map15"], ["b", 145.61265563964844, "path0_map16"], ["b", 145.61265563964844, "path0_map17"], ["b", 145.62777709960938, "path0_map18"], ["b", 145.5975341796875, "path0_map19"], ["b", 145.57846069335938, "path0_map20"], ["b", 145.61668395996094, "path0_map21"], ["b", 144.622802734375, "path0_map22"], ["b", 145.70237731933594, "path0_map23"], ["b", 144.6268310546875, "path0_map24"]]}, {}], "fremen_output": {"amplitudes": [0.03727669796000264, 0.028934565681189652], "omegas": [0.0001454441043328608, 7.27220521664304e-05], "time_periods": [43200.0, 86400.0], "phis": [0.31616710488310473, -0.6244023324540057]}, "Softmax_similarity_matrix": [[0.17513923996294217, 0.05143693015278027, 0.05838751048506356, 0.04879837915052157, 0.050896101617553285, 0.04129888598660418, 0.02312919889733218, 0.014024437536086789, 0.017171111523986735, 0.08053933367438879, 0.05724999917157255, 0.039349340019764506, 0.017496833349878196, 0.01525514223015582, 0.013855063652514389, 0.013334498763412453, 0.016726188464154267, 0.06565812262994783, 0.06790887708894487, 0.017706041330447266, 0.013391240306180087, 0.017100342035187847, 0.06885703684008469, 0.015290145130495661], [0.051594350976849127, 0.12919776832950264, 0.0692861446269487, 0.06490879379567413, 0.06166975011085748, 0.054295974629232344, 0.0323179032475512, 0.01644247922919896, 0.02096336746715933, 0.059583164883172765, 0.06431477496455952, 0.05858908519540003, 0.017641298052915724, 0.019259194928550587, 0.015428104516474594, 0.01594900885219667, 0.020267554768559345, 0.04268854780413872, 0.05535301327172229, 0.019051631269517432, 0.016231320954836658, 0.021166190252545576, 0.05575944270215307, 0.018041135170283107], [0.05486811990909188, 0.0649111650918476, 0.13145177661325233, 0.06625120174096825, 0.057111094884354355, 0.05438178633498636, 0.030960334070415492, 0.016568772786061572, 0.01925876416581002, 0.05178757203764789, 0.05562727485536547, 0.05611205642159081, 0.017086679532504322, 0.01837433446573742, 0.014083508564515044, 0.015005278354166224, 0.018072284244845284, 0.052152668242905334, 0.06703744840839067, 0.017328171874032, 0.015326238206793935, 0.019389281024403786, 0.0697221925202111, 0.0171319956501028], [0.04713694091313046, 0.06250754230598547, 0.0681003959333957, 0.11850800661892344, 0.08766125182792803, 0.07057621369166926, 0.03459213900127455, 0.01693509123010977, 0.022031835141354202, 0.045847645605571107, 0.04718159887319612, 0.06953618641771177, 0.01805980436838921, 0.019203423240621503, 0.015923044346527263, 0.015137471296393062, 0.02208490094684412, 0.04653954983342392, 0.04878221397032464, 0.018103955078774506, 0.015364945967713057, 0.021833040319202572, 0.05072665296450581, 0.017626150107030593], [0.049238293113577906, 0.059478984715296564, 0.05879478896196357, 0.08779507242279885, 0.11556169817324898, 0.08031849708603121, 0.03244866515883384, 0.015288212360545736, 0.020686482631101618, 0.049256989422477325, 0.04630916311558898, 0.0734187749723022, 0.017504202312218244, 0.017559385042534414, 0.014571944766031448, 0.013878544985310593, 0.019671628783233915, 0.04579700212331066, 0.05544325085824521, 0.017454476271268407, 0.014021505096095788, 0.020706390823098008, 0.058063630975455145, 0.016732415829431555], [0.044087208081453846, 0.05778495519487754, 0.061777112961709624, 0.07799677002486141, 0.08862808447952185, 0.12113109750553376, 0.037592931342038796, 0.01852338057305408, 0.02497666102815715, 0.04316203019538015, 0.043640541478078256, 0.07057245764738025, 0.01905058317082843, 0.020220939682306108, 0.017351307141810372, 0.016385783841843537, 0.02462646436118972, 0.04385567685725229, 0.043602335447687254, 0.01923299190325774, 0.016560442045406378, 0.024790702543151584, 0.04503183235542712, 0.019417710137792803], [0.028185869314165356, 0.039263309832947436, 0.04014915049090156, 0.043640755789133234, 0.040874194631907154, 0.04291437329109838, 0.1532673529435644, 0.03491734394850758, 0.04260404156277661, 0.028707466652109312, 0.029028395310145325, 0.040978521317406445, 0.03903684266193303, 0.04993474866863294, 0.03641852151549639, 0.029758429941139804, 0.04344425144019349, 0.027433120534997114, 0.030909686215491037, 0.03733892242909277, 0.031529715311431956, 0.04337971904847404, 0.03194784015269363, 0.03433742699576102], [0.022195000566444814, 0.02594238483302176, 0.02790358020237393, 0.027746055538777105, 0.025009669012224508, 0.027460958861230695, 0.04534611297805662, 0.21666594617412943, 0.03694274649272346, 0.021962263431285687, 0.022443494430935962, 0.0253822964103811, 0.045196185590663386, 0.04503596366419527, 0.043822131511898565, 0.05013721813384715, 0.036688236602403355, 0.02265189120936496, 0.02386249214097878, 0.04235169403943233, 0.0531390686019514, 0.03769331838195164, 0.023872441774582354, 0.05054884941714573], [0.017633373509746655, 0.021462036672031903, 0.021045792886139357, 0.02342241512334384, 0.021958626933354757, 0.02402686552318836, 0.03590186044756106, 0.02397156949900349, 0.18127471907572035, 0.017466594217565162, 0.016958755249979113, 0.022472817127916166, 0.0468026665664034, 0.03841663362874254, 0.04348925824564274, 0.020377096585333064, 0.13629920864833578, 0.016465314819083293, 0.018511038729231512, 0.04467019824116333, 0.021335100588862965, 0.13076542693298562, 0.01890842862696533, 0.03636420212170019], [0.08146789578824229, 0.06008622537442366, 0.055744740304582235, 0.04801086251260505, 0.051502446635078775, 0.04089837673330195, 0.023828817592592987, 0.014037373495947508, 0.017204802830208712, 0.16581440507211856, 0.06992592755231859, 0.04044421780559875, 0.01654880787383933, 0.015236392492327947, 0.013562806339846509, 0.013270167545830257, 0.016463893646200378, 0.059444095321149235, 0.06546363067108389, 0.017958540154634044, 0.014361584019310236, 0.017101000035606297, 0.06561664025621945, 0.016006349946933333], [0.055263389782283935, 0.061893590561132084, 0.05714124512718282, 0.04714967379957252, 0.046207289939607196, 0.03946189222823738, 0.02299398381101883, 0.013689349289043045, 0.015941126578369682, 0.06673010445573702, 0.13334618919201977, 0.04074432856528985, 0.016186179796766956, 0.01705319105053985, 0.014156640115818188, 0.012146159190300458, 0.01543695933129342, 0.048520740043861824, 0.11093354615566463, 0.016943259065106422, 0.01316935072785741, 0.01615494705015721, 0.10401149346347457, 0.014725370679664968], [0.043715929667202905, 0.06489210623752201, 0.06633738234570657, 0.0799755319819844, 0.084312298538467, 0.07344517122206876, 0.037358351664627636, 0.017818185231555147, 0.024312117486640538, 0.044420172377762156, 0.046892932817380134, 0.1109332517047748, 0.018353042850390813, 0.020293285618063314, 0.016463323775685, 0.016441277254459586, 0.023605058518729356, 0.042916529449822556, 0.04480018979244909, 0.018368199551296545, 0.016330709224127497, 0.023411900942018848, 0.0461740270055842, 0.018429024741681174], [0.01761436456378002, 0.01770561230516746, 0.018304803816995844, 0.018821948014565538, 0.018215092417632986, 0.017965592303860942, 0.032248637197906896, 0.02875011595764645, 0.04588187157398093, 0.016470082414665042, 0.016880676604015255, 0.01663080754928028, 0.17809650697756932, 0.05935415764770678, 0.0846739345806222, 0.024349606808706854, 0.04109689001723394, 0.01536734349847008, 0.015914898644247496, 0.14501054637498959, 0.0251678288048535, 0.044476111524081305, 0.016105053964230277, 0.08489751643779099], [0.017417775784157232, 0.0219223673513281, 0.022324818217427527, 0.02269860101413667, 0.020723698544204295, 0.021627359940150928, 0.046785196700077546, 0.03249123255626985, 0.042712868877968296, 0.01719808611538298, 0.020170657562169465, 0.02085578477946733, 0.06731627177219311, 0.21629083751126635, 0.10112063585966927, 0.027376806492576598, 0.041413781754670045, 0.01773371013654232, 0.020348310235554883, 0.06396534813006452, 0.027400201395493512, 0.04149816629179815, 0.020913534957228364, 0.04769394802020254], [0.015337382434789583, 0.01702660971643918, 0.016590270336027543, 0.018247897331189776, 0.016674075642182543, 0.017992878975659363, 0.03308218523327918, 0.03065254306744922, 0.04688001304830421, 0.014842730946381952, 0.016234573265798576, 0.016404310265351368, 0.09310755814146006, 0.09804062670179024, 0.18890323829280323, 0.02544465263059926, 0.04265223623715524, 0.014365339001442635, 0.015858514300046787, 0.10039126367188238, 0.026245912085783064, 0.04786352598680815, 0.01611156810080907, 0.0710500945865673], [0.02174553717650952, 0.025929851622959403, 0.026039784177053927, 0.02555587648018372, 0.023394777115087795, 0.02503147297329506, 0.03982287548779228, 0.051663517353651774, 0.03235927263411891, 0.021393970087646423, 0.02051967028161412, 0.02413385683422755, 0.03944372047389187, 0.03910207430908608, 0.03748411398619078, 0.27150495443120576, 0.03184495230529252, 0.019208181029530872, 0.02123129036383013, 0.03701893073243041, 0.06229142091717986, 0.03207569023138436, 0.021664117673989756, 0.049540091321847154], [0.017265492543795283, 0.020857210734785078, 0.01985157250019605, 0.023600513083964027, 0.020989584241413627, 0.02381276305396282, 0.03679963081754859, 0.023929802623607783, 0.13700560118778732, 0.016801036346222722, 0.016507515381706778, 0.02193233151586037, 0.04213892179471221, 0.03744125885913657, 0.039772333358179215, 0.020157150763819496, 0.18632319010494308, 0.016629904235881624, 0.018193531541430445, 0.04357538076821482, 0.02104563030572305, 0.1400571590435293, 0.018824016047196503, 0.03648846914638322], [0.07251931634206063, 0.04700559009819252, 0.06129734335589454, 0.05321467588929047, 0.05228580754309002, 0.04537501677543085, 0.024863920530527037, 0.015808839842327393, 0.01770917303751648, 0.06490759168463389, 0.05551759200229673, 0.042666554084684435, 0.016859958998487964, 0.017154908715950507, 0.014333042817700285, 0.013009423019820677, 0.017793976083074394, 0.16041165253769551, 0.06827698955915408, 0.016654480055301374, 0.014109537759575038, 0.017504649740660162, 0.0745333788038384, 0.01618658072279668], [0.0627370771430616, 0.05098141526694149, 0.06590450268840715, 0.04665554229762992, 0.05294536523390078, 0.03773403291600027, 0.023432654296529708, 0.01392976605438382, 0.016652963256288393, 0.05978873342147705, 0.10616921166975764, 0.03725420672705278, 0.014604748548228684, 0.016464541764976016, 0.013234803846616789, 0.012027647101155371, 0.016282937427977606, 0.05710930249012099, 0.12803739450656804, 0.015514004656291488, 0.013273581878945732, 0.01624767972485872, 0.10869715838455868, 0.014320728698271331], [0.017844864628188014, 0.01914241992646466, 0.018584223092394863, 0.018889012332767505, 0.018183611157934203, 0.01815784785375282, 0.030880386074049016, 0.026970740012499543, 0.04384021405757256, 0.017893048834122, 0.01768995384139119, 0.016663111755698092, 0.14517233013827588, 0.05646250179927654, 0.09139974490087334, 0.02287821881280351, 0.04254524104017209, 0.015196991563374599, 0.01692458269788714, 0.18781335574333757, 0.023651580543496455, 0.04391301590722121, 0.016736336013616064, 0.07256666727283113], [0.020860634270617306, 0.02520771375401927, 0.02540634294125718, 0.02477888417433607, 0.022577864859279616, 0.02416597771303286, 0.04030472031541783, 0.05230593088188736, 0.032364164684009454, 0.02211722224180176, 0.021252451504153166, 0.022898629256663243, 0.0389443923017783, 0.03738385004361678, 0.03693394123806388, 0.05950336112742904, 0.031760450677365826, 0.01990005382942862, 0.022381908008053748, 0.036557382240648285, 0.27561246098818626, 0.03274800170436765, 0.02280032255061102, 0.05123333869397551], [0.017529488988892866, 0.021631171563862496, 0.02115076321627762, 0.023169820985911072, 0.02194069575395, 0.023805594584362575, 0.03649054507470446, 0.02441513464624661, 0.1305330233270374, 0.017330356627271268, 0.01715568099418398, 0.021602244180478094, 0.04528806279904005, 0.03725777631230248, 0.04432272223777341, 0.02016262275534975, 0.13908739887024904, 0.01624623172886262, 0.018028436984476523, 0.04466485617408723, 0.021549765946962632, 0.18211849708520503, 0.018227233748210152, 0.0362918754143027], [0.06279351436294113, 0.05069414145651496, 0.06766083845006016, 0.047890202210080855, 0.054733368934752, 0.038469081680477364, 0.023907662701320255, 0.013756045229933863, 0.016791322425555096, 0.05915643352573714, 0.09826203563735056, 0.03790198426628345, 0.014588852029845781, 0.01670388427026784, 0.013272769436122893, 0.012114737861477728, 0.01663017266660926, 0.0615392259435784, 0.10729683679081643, 0.015143806883770537, 0.01334752508378053, 0.01621521698317079, 0.12676067113099046, 0.014369670038562507], [0.01752926622139498, 0.020620010263366906, 0.020900658237351825, 0.020919610597876975, 0.01982861167955088, 0.020853352421236964, 0.03230345950278969, 0.03661792205529465, 0.04059655622539873, 0.018141198269826374, 0.01748865173850564, 0.01901744707571447, 0.09668065623506779, 0.04788935289355157, 0.07358242021032131, 0.034826953574769615, 0.04052525777442174, 0.016801265938784036, 0.017771312923178857, 0.08254628318157889, 0.03770492505124913, 0.04058794672385175, 0.018064771170630066, 0.20820211003428726]], "Similarity_matrix": [[263.9663391113281, 202.70509338378906, 209.04237365722656, 200.07212829589844, 202.1765899658203, 191.7290496826172, 162.7420654296875, 137.7273406982422, 147.84869384765625, 225.1245574951172, 208.05865478515625, 189.3112335205078, 148.78826904296875, 141.93310546875, 137.11981201171875, 135.2050018310547, 146.5360565185547, 214.91033935546875, 216.59561157226562, 149.382568359375, 135.4173126220703, 147.64219665527344, 217.2888946533203, 142.04769897460938], [202.70509338378906, 248.60169982910156, 217.4467315673828, 214.1836395263672, 211.62416076660156, 205.25698852539062, 179.3155517578125, 145.52789306640625, 157.67330932617188, 209.90313720703125, 213.7239532470703, 209.06190490722656, 149.04661560058594, 153.4339141845703, 142.34402465820312, 144.0043182373047, 155.9855499267578, 193.23101806640625, 206.22103881835938, 152.89212036132812, 144.88162231445312, 158.1547393798828, 206.58682250976562, 150.16720581054688], [209.04237365722656, 217.4467315673828, 252.72775268554688, 218.4684295654297, 211.04566955566406, 208.5972137451172, 180.43109130859375, 149.17173767089844, 156.69406127929688, 206.15325927734375, 209.72943115234375, 210.1632843017578, 150.71070861816406, 154.34349060058594, 141.0459747314453, 144.21585083007812, 153.5147247314453, 206.5045166015625, 219.05831909179688, 151.4124298095703, 145.27406311035156, 157.03176879882812, 221.0216827392578, 150.8431396484375], [200.07212829589844, 214.1836395263672, 218.4684295654297, 246.16830444335938, 231.09327697753906, 220.25393676757812, 184.60060119628906, 148.888671875, 162.043701171875, 198.6854705810547, 200.11947631835938, 219.5116424560547, 152.1037139892578, 155.1737060546875, 145.80764770507812, 143.27793884277344, 162.1639862060547, 199.4344024658203, 201.78756713867188, 152.22579956054688, 144.02371215820312, 161.5904998779297, 203.74185180664062, 150.88845825195312], [202.1765899658203, 211.62416076660156, 211.04566955566406, 231.09327697753906, 244.83323669433594, 226.64300537109375, 181.3259735107422, 143.69711303710938, 158.81703186035156, 202.19557189941406, 199.11000061035156, 222.15199279785156, 150.46505737304688, 150.6224365234375, 141.29791259765625, 138.86021423339844, 156.3018798828125, 198.55393981933594, 208.1110076904297, 150.32281494140625, 139.37261962890625, 158.86512756347656, 210.41998291015625, 148.2104034423828], [191.7290496826172, 205.25698852539062, 208.5972137451172, 220.25393676757812, 226.64300537109375, 242.2642364501953, 183.76136779785156, 148.37225341796875, 163.31765747070312, 190.6686248779297, 191.2198944091797, 215.2525634765625, 149.77545166015625, 152.75650024414062, 145.1039581298828, 142.24127197265625, 162.6116485595703, 191.4657745361328, 191.1761016845703, 150.25192260742188, 142.7714080810547, 162.94400024414062, 192.78904724121094, 150.72984313964844], [162.7420654296875, 179.3155517578125, 180.43109130859375, 184.60060119628906, 181.3259735107422, 183.76136779785156, 247.41021728515625, 173.45021057128906, 183.3984832763672, 163.6588897705078, 164.21475219726562, 181.45343017578125, 179.0263214111328, 191.33688354492188, 175.55490112304688, 165.45664978027344, 184.3749542236328, 161.38858032226562, 167.35450744628906, 176.80284118652344, 168.34754943847656, 184.30062866210938, 169.00625610351562, 172.61282348632812], [137.7273406982422, 145.52789306640625, 149.17173767089844, 148.888671875, 143.69711303710938, 148.37225341796875, 173.45021057128906, 251.65182495117188, 163.20245361328125, 137.2002716064453, 138.28402709960938, 144.43658447265625, 173.2846221923828, 173.1070556640625, 171.74093627929688, 178.47216796875, 162.85679626464844, 138.74615478515625, 141.34938049316406, 170.03440856933594, 181.37960815429688, 164.2081298828125, 141.37022399902344, 178.88099670410156], [147.84869384765625, 157.67330932617188, 156.69406127929688, 162.043701171875, 158.81703186035156, 163.31765747070312, 183.3984832763672, 163.20245361328125, 264.3597106933594, 147.37353515625, 145.8982391357422, 159.97434997558594, 196.65603637695312, 186.78355407714844, 192.98472595214844, 155.07960510253906, 250.10165405273438, 144.4218292236328, 150.2773895263672, 194.32435607910156, 157.376708984375, 248.02928161621094, 151.33941650390625, 184.03826904296875], [225.1245574951172, 209.90313720703125, 206.15325927734375, 198.6854705810547, 202.19557189941406, 190.6686248779297, 163.6588897705078, 137.2002716064453, 147.37353515625, 260.6575622558594, 217.48593139648438, 190.11029052734375, 145.4298095703125, 141.29844665527344, 135.4806671142578, 134.39002990722656, 145.17259216308594, 209.3659210205078, 214.1888427734375, 149.51739501953125, 138.34194946289062, 147.07095336914062, 214.30557250976562, 143.7633819580078], [208.05865478515625, 213.7239532470703, 209.72943115234375, 200.11947631835938, 199.11000061035156, 191.2198944091797, 164.21475219726562, 138.28402709960938, 145.8982391357422, 217.48593139648438, 252.10055541992188, 192.81895446777344, 146.6610107421875, 149.26998901367188, 139.96231079101562, 132.30377197265625, 144.29135131835938, 201.5526885986328, 242.89968872070312, 148.94662475585938, 136.3477325439453, 146.56443786621094, 239.67819213867188, 141.9317169189453], [189.3112335205078, 209.06190490722656, 210.1632843017578, 219.5116424560547, 222.15199279785156, 215.2525634765625, 181.45343017578125, 144.43658447265625, 159.97434997558594, 190.11029052734375, 192.81895446777344, 235.87203979492188, 145.91537475585938, 150.9401092529297, 140.48236083984375, 140.4153594970703, 158.4986572265625, 188.38845825195312, 190.53622436523438, 145.95664978027344, 140.07797241210938, 158.08782958984375, 192.04647827148438, 146.1219482421875], [148.78826904296875, 149.04661560058594, 150.71070861816406, 152.1037139892578, 150.46505737304688, 149.77545166015625, 179.0263214111328, 173.2846221923828, 196.65603637695312, 145.4298095703125, 146.6610107421875, 145.91537475585938, 264.46881103515625, 209.5286407470703, 227.2929229736328, 164.9783172607422, 191.14915466308594, 141.9647674560547, 143.71531677246094, 254.19285583496094, 166.630859375, 195.1001434326172, 144.30918884277344, 227.42477416992188], [141.93310546875, 153.4339141845703, 154.34349060058594, 155.1737060546875, 150.6224365234375, 152.75650024414062, 191.33688354492188, 173.1070556640625, 186.78355407714844, 141.29844665527344, 149.26998901367188, 150.9401092529297, 209.5286407470703, 267.8897399902344, 229.87425231933594, 164.54335021972656, 185.23922729492188, 142.8319091796875, 149.70843505859375, 206.97561645507812, 164.5860595703125, 185.34100341796875, 151.078369140625, 192.29876708984375], [137.11981201171875, 142.34402465820312, 141.0459747314453, 145.80764770507812, 141.29791259765625, 145.1039581298828, 175.55490112304688, 171.74093627929688, 192.98472595214844, 135.4806671142578, 139.96231079101562, 140.48236083984375, 227.2929229736328, 229.87425231933594, 262.6669006347656, 162.43043518066406, 188.25914001464844, 133.8460693359375, 138.7904815673828, 231.0589141845703, 163.9806671142578, 194.02284240722656, 139.58203125, 213.7744140625], [135.2050018310547, 144.0043182373047, 144.21585083007812, 143.27793884277344, 138.86021423339844, 142.24127197265625, 165.45664978027344, 178.47216796875, 155.07960510253906, 134.39002990722656, 132.30377197265625, 140.4153594970703, 164.9783172607422, 164.54335021972656, 162.43043518066406, 261.43359375, 154.2785186767578, 129.0013885498047, 134.0083770751953, 161.80604553222656, 187.8257598876953, 154.63949584960938, 135.01744079589844, 176.37368774414062], [146.5360565185547, 155.9855499267578, 153.5147247314453, 162.1639862060547, 156.3018798828125, 162.6116485595703, 184.3749542236328, 162.85679626464844, 250.10165405273438, 145.17259216308594, 144.29135131835938, 158.4986572265625, 191.14915466308594, 185.23922729492188, 188.25914001464844, 154.2785186767578, 265.4747009277344, 144.6606903076172, 149.15386962890625, 192.82518005371094, 156.43521118164062, 251.20309448242188, 150.85723876953125, 183.95037841796875], [214.91033935546875, 193.23101806640625, 206.5045166015625, 199.4344024658203, 198.55393981933594, 191.4657745361328, 161.38858032226562, 138.74615478515625, 144.4218292236328, 209.3659210205078, 201.5526885986328, 188.38845825195312, 141.9647674560547, 142.8319091796875, 133.8460693359375, 129.0013885498047, 144.6606903076172, 254.6048583984375, 211.89633178710938, 141.35165405273438, 133.06024169921875, 143.8410186767578, 216.28004455566406, 139.92681884765625], [216.59561157226562, 206.22103881835938, 219.05831909179688, 201.78756713867188, 208.1110076904297, 191.1761016845703, 167.35450744628906, 141.34938049316406, 150.2773895263672, 214.1888427734375, 242.89968872070312, 190.53622436523438, 143.71531677246094, 149.70843505859375, 138.7904815673828, 134.0083770751953, 149.15386962890625, 211.89633178710938, 252.26409912109375, 146.73513793945312, 138.936767578125, 149.0454864501953, 244.07626342773438, 142.73338317871094], [149.382568359375, 152.89212036132812, 151.4124298095703, 152.22579956054688, 150.32281494140625, 150.25192260742188, 176.80284118652344, 170.03440856933594, 194.32435607910156, 149.51739501953125, 148.94662475585938, 145.95664978027344, 254.19285583496094, 206.97561645507812, 231.0589141845703, 161.80604553222656, 192.82518005371094, 141.35165405273438, 146.73513793945312, 267.0692138671875, 163.46827697753906, 194.40731811523438, 146.17588806152344, 219.52206420898438], [135.4173126220703, 144.88162231445312, 145.27406311035156, 144.02371215820312, 139.37261962890625, 142.7714080810547, 168.34754943847656, 181.37960815429688, 157.376708984375, 138.34194946289062, 136.3477325439453, 140.07797241210938, 166.630859375, 164.5860595703125, 163.9806671142578, 187.8257598876953, 156.43521118164062, 133.06024169921875, 138.936767578125, 163.46827697753906, 264.4739074707031, 157.96621704101562, 139.86285400390625, 180.34364318847656], [147.64219665527344, 158.1547393798828, 157.03176879882812, 161.5904998779297, 158.86512756347656, 162.94400024414062, 184.30062866210938, 164.2081298828125, 248.02928161621094, 147.07095336914062, 146.56443786621094, 158.08782958984375, 195.1001434326172, 185.34100341796875, 194.02284240722656, 154.63949584960938, 251.20309448242188, 143.8410186767578, 149.0454864501953, 194.40731811523438, 157.96621704101562, 264.68084716796875, 149.59381103515625, 184.0276641845703], [217.2888946533203, 206.58682250976562, 221.0216827392578, 203.74185180664062, 210.41998291015625, 192.78904724121094, 169.00625610351562, 141.37022399902344, 151.33941650390625, 214.30557250976562, 239.67819213867188, 192.04647827148438, 144.30918884277344, 151.078369140625, 139.58203125, 135.01744079589844, 150.85723876953125, 216.28004455566406, 244.07626342773438, 146.17588806152344, 139.86285400390625, 149.59381103515625, 252.41134643554688, 143.5522918701172], [142.04769897460938, 150.16720581054688, 150.8431396484375, 150.88845825195312, 148.2104034423828, 150.72984313964844, 172.61282348632812, 178.88099670410156, 184.03826904296875, 143.7633819580078, 141.9317169189453, 146.1219482421875, 227.42477416992188, 192.29876708984375, 213.7744140625, 176.37368774414062, 183.95037841796875, 139.92681884765625, 142.73338317871094, 219.52206420898438, 180.34364318847656, 184.0276641845703, 143.5522918701172, 265.7795715332031]]}