{"neighbours": [{"a": [["b", 138.40243530273438, "path0_map3"], ["g", 145.6076202392578, "path0_map4"]]}, {"b": [["c", 145.60157775878906, "path0_map5"]]}, {"c": [["d", 145.61265563964844, "path0_map17"]]}, {}, {"e": [["d", 145.61265563964844, "path0_map16"], ["b", 135.36532592773438, "path0_map10"]]}, {"f": [["e", 144.622802734375, "path0_map22"]]}, {"g": [["f", 139.42051696777344, "path0_map13"]]}], "start_nodes": [], "end_nodes": [], "Similarity_matrix": [[252.72775268554688, 210.1632843017578, 209.72943115234375, 219.05831909179688, 206.5045166015625, 150.8431396484375, 218.4684295654297, 153.5147247314453], [210.1632843017578, 235.87203979492188, 190.33555603027344, 190.53622436523438, 188.38845825195312, 146.1219482421875, 218.35134887695312, 158.4986572265625], [209.72943115234375, 190.33555603027344, 252.10055541992188, 242.89968872070312, 201.5526885986328, 141.9317169189453, 201.89016723632812, 144.29135131835938], [219.05831909179688, 190.53622436523438, 242.89968872070312, 252.26409912109375, 212.98321533203125, 142.73338317871094, 202.1544952392578, 148.01956176757812], [206.5045166015625, 188.38845825195312, 201.5526885986328, 212.98321533203125, 254.6048583984375, 139.92681884765625, 200.2306671142578, 143.35415649414062], [150.8431396484375, 146.1219482421875, 141.9317169189453, 142.73338317871094, 139.92681884765625, 265.7795715332031, 151.58966064453125, 183.31594848632812], [218.4684295654297, 218.35134887695312, 201.89016723632812, 202.1544952392578, 200.2306671142578, 151.58966064453125, 246.16830444335938, 162.1639862060547], [153.5147247314453, 158.4986572265625, 144.29135131835938, 148.01956176757812, 143.35415649414062, 183.31594848632812, 162.1639862060547, 265.4747009277344]], "name": "env1", "nodes_names": ["a", "b", "c", "d", "e", "f", "g"], "maps_names": ["path0_map3", "path0_map5", "path0_map17", "path0_map16", "path0_map22", "path0_map13", "path0_map4", "path0_map10"], "distance": [138.40243530273438, 145.60157775878906, 145.61265563964844, 145.61265563964844, 144.622802734375, 139.42051696777344, 145.6076202392578, 135.36532592773438], "timestamp": [[1628443562.5771434, "2021-08-08 19:26:02"], [1628446155.9641075, "2021-08-08 20:09:15"], [1630773976.6604774, "2021-09-04 18:46:16"], [1630772717.3925653, "2021-09-04 18:25:17"], [1632578230.1978815, "2021-09-25 15:57:10"], [1628456612.1941354, "2021-08-08 23:03:32"], [1628445730.1549253, "2021-08-08 20:02:10"], [1629061574.2754974, "2021-08-15 23:06:14"]]}