{"name": "env8", "maps_names": ["path0_map0", "path0_map1", "path0_map3", "path0_map4", "path0_map5", "path0_map6", "path0_map8", "path0_map9", "path0_map12", "path0_map13"], "timestamp": [[1628441543.1538866, "2021-08-08 18:52:23"], [1628446944.9681673, "2021-08-08 20:22:24"], [1628443562.5771434, "2021-08-08 19:26:02"], [1628445730.1549253, "2021-08-08 20:02:10"], [1628446155.9641075, "2021-08-08 20:09:15"], [1628447864.6729546, "2021-08-08 20:37:44"], [1628450613.950567, "2021-08-08 21:23:33"], [1628451256.2081633, "2021-08-08 21:34:16"], [1628452216.2662547, "2021-08-08 21:50:16"], [1628456612.1941354, "2021-08-08 23:03:32"]], "nodes_names": ["a", "b"], "distance": [145.56427001953125, 145.58059692382812, 138.40243530273438, 145.6076202392578, 145.60157775878906, 145.58544921875, 145.57838439941406, 145.60963439941406, 145.6156768798828, 139.42051696777344], "neighbours": [{"a": [["b", 145.56427001953125, "path0_map0"], ["b", 145.58059692382812, "path0_map1"], ["b", 138.40243530273438, "path0_map3"], ["b", 145.6076202392578, "path0_map4"], ["b", 145.60157775878906, "path0_map5"], ["b", 145.58544921875, "path0_map6"], ["b", 145.57838439941406, "path0_map8"], ["b", 145.60963439941406, "path0_map9"], ["b", 145.6156768798828, "path0_map12"], ["b", 139.42051696777344, "path0_map13"]]}, {}], "fremen_output": {"amplitudes": [0.1116096591974089, 0.11153486439853776, 0.11152458318952134, 0.11129257605305733, 0.11128786996517644], "omegas": [0.0003428325316417433, 0.00033244366704653896, 0.0003532213962369477, 0.000363610260832152, 0.0003220548024513346], "time_periods": [18327.272727272724, 18900.0, 17788.235294117643, 17280.0, 19509.67741935484], "phis": [-0.27318261552706746, -0.3010180598596225, -0.24650433095243798, -0.2210153942126238, -0.32997555460883593]}, "Softmax_similarity_matrix": [[0.25603415368444987, 0.12221234531927527, 0.1373059274241993, 0.12863123180092065, 0.1161073216442308, 0.10759956686878308, 0.0325844347650452, 0.03160651330418916, 0.032165977613897376, 0.03575252757500924], [0.11065347541463366, 0.2149885978870506, 0.11081125413889867, 0.16606183203774952, 0.13658677346724873, 0.1494228740653642, 0.028441874700263388, 0.02581935861336257, 0.026085318652521988, 0.031128641022906873], [0.13113410397785688, 0.11688539721468227, 0.26556002989755606, 0.13384125774764796, 0.11335806761115123, 0.10986256083468976, 0.033472379832322, 0.030313794693527213, 0.030962200597621607, 0.03461020759294503], [0.1150265693923317, 0.16401047385445888, 0.12531855564137118, 0.2180787940784739, 0.1279607016558245, 0.12987456300734232, 0.031164006369182717, 0.02785602070187703, 0.02827462028362833, 0.03243569501550961], [0.11809395778534831, 0.15343581217633812, 0.12072414480814879, 0.14554354366571864, 0.2018819776917655, 0.1354100588289827, 0.031732298815013764, 0.02992067316968476, 0.029719455840435907, 0.03353807721856345], [0.10512046891741592, 0.16122926405878013, 0.112382869572161, 0.14188913033515865, 0.1300647535336002, 0.22035766450489025, 0.03369711796450107, 0.029808473074436206, 0.030126205470297384, 0.03532405256875905], [0.049004049266644104, 0.04724218919370481, 0.05270866297582458, 0.05241110566082459, 0.0469197014963645, 0.05187257029785913, 0.40927265434772964, 0.0947070488444892, 0.10037741528060937, 0.09548460263595017], [0.0443180476155262, 0.039985220942145565, 0.044505939017208715, 0.04367886739862589, 0.04124842023309343, 0.04278258230120319, 0.08830078379767396, 0.464043129644417, 0.10646548227071141, 0.08467152677939471], [0.04318678060449234, 0.03868122693356575, 0.043527079419950154, 0.042452094025804014, 0.039230772274754425, 0.04140204017587258, 0.08961244099138636, 0.10194334271311764, 0.4721893861819637, 0.08777483667909303], [0.04691787105119968, 0.04511715726729105, 0.047556445197673214, 0.04759956857132228, 0.04327146874444354, 0.04744880760913176, 0.0833188210485725, 0.07924372956448532, 0.08579214020530761, 0.47373399074057304]], "Similarity_matrix": [[248.60169982910156, 211.62416076660156, 217.4467315673828, 214.1836395263672, 209.06190490722656, 205.25698852539062, 145.52789306640625, 144.0043182373047, 144.88162231445312, 150.16720581054688], [211.62416076660156, 244.83323669433594, 211.69540405273438, 231.9219970703125, 222.15199279785156, 226.64300537109375, 143.69711303710938, 138.86021423339844, 139.37261962890625, 148.2104034423828], [217.4467315673828, 211.69540405273438, 252.72775268554688, 218.4684295654297, 210.1632843017578, 208.5972137451172, 149.17173767089844, 144.21585083007812, 145.27406311035156, 150.8431396484375], [214.1836395263672, 231.9219970703125, 218.4684295654297, 246.16830444335938, 219.5116424560547, 220.25393676757812, 148.888671875, 143.27793884277344, 144.02371215820312, 150.88845825195312], [209.06190490722656, 222.15199279785156, 210.1632843017578, 219.5116424560547, 235.87203979492188, 215.90325927734375, 143.35462951660156, 140.4153594970703, 140.07797241210938, 146.1219482421875], [205.25698852539062, 226.64300537109375, 208.5972137451172, 220.25393676757812, 215.90325927734375, 242.2642364501953, 148.37225341796875, 142.24127197265625, 142.7714080810547, 150.72984313964844], [145.52789306640625, 143.69711303710938, 149.17173767089844, 148.888671875, 143.35462951660156, 148.37225341796875, 251.65182495117188, 178.47216796875, 181.37960815429688, 178.88099670410156], [144.0043182373047, 138.86021423339844, 144.21585083007812, 143.27793884277344, 140.4153594970703, 142.24127197265625, 178.47216796875, 261.43359375, 187.8257598876953, 176.37368774414062], [144.88162231445312, 139.37261962890625, 145.27406311035156, 144.02371215820312, 140.07797241210938, 142.7714080810547, 181.37960815429688, 187.8257598876953, 264.4739074707031, 180.34364318847656], [150.16720581054688, 148.2104034423828, 150.8431396484375, 150.88845825195312, 146.1219482421875, 150.72984313964844, 178.88099670410156, 176.37368774414062, 180.34364318847656, 265.7795715332031]]}